3,2 10
15,15 10
8,19 10
10,23 10
34,8 10
0,17 10
4,18 10
32,3 10
3,14 10
26,2 10
7,6 10
6,17 10
29,15 10
15,6 10
17,15 10
19,11 10
7,21 10
33,5 10
26,14 10
31,8 10
19,6 10
2,11 10
18,3 10
21,19 10
2,9 10
31,17 10
1,6 10
24,19 10
6,14 10
1,20 10
15,18 10
13,20 10
10,13 10
9,3 10
16,24 10
27,5 10
30,6 10
26,14 10
6,20 10
12,6 10
17,21 10
12,1 10
34,18 10
7,24 10
23,21 10
9,4 10
31,3 10
3,16 10
29,4 10
4,21 10
13,5 10
17,10 10
13,17 10
27,23 10
21,13 10
26,6 10
8,16 10
33,4 10
17,24 10
0,15 10
12,21 10
9,14 10
28,14 10
5,4 10
3,14 10
5,17 10
1,13 10
16,8 10
19,0 10
1,18 10
32,13 10
8,17 10
4,3 10
15,0 10
9,1 10
32,1 10
0,13 10
31,15 10
30,0 10
28,24 10
4,4 10
1,14 10
22,13 10
4,9 10
13,23 10
34,5 10
31,6 10
25,2 10
22,11 10
1,14 10
19,7 10
14,22 10
34,11 10
24,21 10
5,20 10
34,5 10
12,4 10
9,11 10
23,21 10
16,4 10
16,21 10
27,16 10
23,9 10
16,4 10
20,21 10
16,9 10
34,14 10
11,0 10
4,10 10
8,24 10
21,18 10
17,14 10
16,14 10
8,6 10
8,16 10
34,16 10
32,0 10
30,5 10
14,2 10
11,13 10
14,0 10
30,24 10
2,1 10
13,0 10
18,21 10
17,3 10
33,10 10
11,10 10
17,2 10
32,12 10
21,5 10
9,11 10
21,15 10
23,5 10
7,12 10
9,1 10
5,8 10
27,17 10
28,13 10
33,3 10
31,2 10
4,13 10
3,12 10
4,0 10
24,11 10
15,7 10
10,16 10
30,12 10
13,6 10
4,14 10
23,1 5
24,1 5
25,1 5
28,1 5
30,1 5
31,1 5
32,1 5
23,2 5
24,2 5
26,2 5
27,2 5
29,2 5
30,2 5
32,2 5
23,3 5
25,3 5
27,3 5
29,3 5
30,3 5
23,4 5
24,4 5
25,4 5
27,4 5
31,4 5
32,4 5
23,5 5
24,5 5
25,5 5
26,5 5
31,5 5
32,5 5
23,6 5
30,6 5
31,6 5
23,7 5
27,7 5
29,7 5
31,7 5
23,8 5
29,8 5
30,8 5
31,8 5
32,8 5
23,9 5
28,9 5
29,9 5
30,9 5
31,9 5
32,9 5
24,10 5
25,10 5
27,10 5
28,10 5
29,10 5
30,10 5
32,10 5
0,13 5
2,13 5
3,13 5
5,13 5
2,14 5
3,14 5
4,14 5
0,15 5
1,15 5
3,15 5
1,16 5
5,16 5
1,17 5
2,17 5
3,17 5
5,17 5
0,18 5
2,18 5
4,18 5
5,18 5
0,19 5
1,19 5
2,19 5
1,20 5
3,20 5
0,21 5
4,21 5
5,22 5
2,0 5
3,0 5
4,0 5
9,0 5
1,1 5
7,1 5
8,1 5
10,1 5
6,2 5
7,2 5
9,2 5
10,2 5
1,3 5
2,3 5
3,3 5
7,3 5
10,3 5
1,4 5
4,4 5
5,4 5
7,4 5
8,4 5
2,5 5
3,5 5
8,5 5
9,5 5
1,6 5
3,6 5
4,6 5
5,6 5
8,6 5
10,6 5
24,17 5
28,17 5
31,17 5
23,18 5
24,18 5
26,18 5
27,18 5
28,18 5
29,18 5
30,18 5
31,18 5
22,19 5
23,19 5
24,19 5
29,19 5
23,20 5
24,20 5
25,20 5
26,20 5
27,20 5
29,20 5
30,20 5
31,20 5
24,21 5
28,21 5
30,21 5
31,21 5
23,22 5
29,22 5
22,23 5
23,23 5
26,23 5
27,23 5
28,23 5
30,23 5
31,23 5
26,24 5
30,24 5
end