29,15 10
3,2 10
9,3 10
14,6 10
12,0 10
8,9 10
20,22 10
13,2 10
22,5 10
23,11 10
23,22 10
5,17 10
3,0 10
30,19 10
5,1 10
10,10 10
20,11 10
3,3 10
22,24 10
12,23 10
4,21 10
31,16 10
20,23 10
30,14 10
33,1 10
10,18 10
14,3 10
23,1 10
13,11 10
14,3 10
30,22 10
2,20 10
9,1 10
4,8 10
32,21 10
15,17 10
4,6 10
14,23 10
9,1 10
19,11 10
19,2 10
1,15 10
20,21 10
15,10 10
29,2 10
7,7 10
3,19 10
7,12 10
5,18 10
27,2 10
27,10 10
7,4 10
25,18 10
17,8 10
17,2 10
2,11 10
24,1 10
34,21 10
24,13 10
26,19 10
28,20 10
21,6 10
14,13 10
17,9 10
33,22 10
7,14 10
26,9 10
19,15 10
34,13 10
10,5 10
21,10 10
31,1 10
11,19 10
10,8 10
16,8 10
12,0 10
14,23 10
17,4 10
25,2 10
14,5 10
7,0 10
19,9 10
31,23 10
27,16 10
17,7 10
20,16 10
8,13 10
32,2 10
4,12 10
17,7 10
29,4 10
9,5 10
1,3 10
5,3 10
17,12 10
26,4 10
24,21 10
3,14 10
18,15 10
28,24 10
13,16 10
22,4 10
4,20 10
31,21 10
8,6 10
25,14 10
12,20 10
33,10 10
32,14 10
14,5 10
11,4 10
7,4 10
9,3 10
22,1 10
5,18 10
28,24 10
12,9 10
20,10 10
25,11 10
29,14 10
34,16 10
7,8 10
13,16 10
29,3 10
17,7 10
28,1 10
30,9 10
2,22 10
20,15 10
11,16 10
33,18 10
12,0 10
23,3 10
33,19 10
1,3 10
0,24 10
32,6 10
25,16 10
27,18 10
0,9 10
7,24 10
31,14 10
28,13 10
0,3 10
2,1 10
10,16 10
11,16 10
11,5 10
8,1 10
27,18 10
11,0 5
14,0 5
15,0 5
17,0 5
20,0 5
12,1 5
13,1 5
15,1 5
17,1 5
11,2 5
13,2 5
11,3 5
12,3 5
16,3 5
17,3 5
19,3 5
20,3 5
12,4 5
14,4 5
15,4 5
16,4 5
18,4 5
19,4 5
20,4 5
11,5 5
12,5 5
14,5 5
16,5 5
17,5 5
18,5 5
19,5 5
20,5 5
13,6 5
16,6 5
0,2 5
1,2 5
2,2 5
4,2 5
0,3 5
1,3 5
3,3 5
4,3 5
0,4 5
1,4 5
3,4 5
0,5 5
3,5 5
5,5 5
0,7 5
0,8 5
1,8 5
2,8 5
3,8 5
5,8 5
0,9 5
2,9 5
3,9 5
2,10 5
3,10 5
5,10 5
0,11 5
4,11 5
28,15 5
33,15 5
26,16 5
27,16 5
28,16 5
29,16 5
30,16 5
31,16 5
33,16 5
25,17 5
27,17 5
28,17 5
29,17 5
32,17 5
33,17 5
28,18 5
29,18 5
30,18 5
24,19 5
25,19 5
26,19 5
28,19 5
29,19 5
30,19 5
32,19 5
25,20 5
26,20 5
27,20 5
31,20 5
25,21 5
26,21 5
30,21 5
33,21 5
24,22 5
26,22 5
28,22 5
30,22 5
31,22 5
25,23 5
26,23 5
27,23 5
28,23 5
29,23 5
31,23 5
33,23 5
28,24 5
29,24 5
30,24 5
33,24 5
16,13 5
18,13 5
20,13 5
22,13 5
23,13 5
24,13 5
25,13 5
19,14 5
20,14 5
21,14 5
22,14 5
23,14 5
25,14 5
23,15 5
24,15 5
19,16 5
20,16 5
21,16 5
24,16 5
25,16 5
16,17 5
19,17 5
20,17 5
22,17 5
23,17 5
18,18 5
22,18 5
24,18 5
25,18 5
16,19 5
17,19 5
19,19 5
22,19 5
16,20 5
17,20 5
18,20 5
19,20 5
16,21 5
17,21 5
20,21 5
21,21 5
16,22 5
17,22 5
20,22 5
24,22 5
25,22 5
end