16,4 10
20,7 10
34,23 10
0,2 10
4,22 10
7,24 10
23,9 10
9,21 10
5,3 10
34,21 10
24,3 10
33,16 10
13,18 10
3,11 10
14,22 10
34,14 10
19,20 10
4,12 10
11,6 10
27,22 10
29,24 10
21,7 10
17,19 10
17,19 10
24,7 10
2,23 10
2,9 10
0,18 10
5,24 10
1,10 10
7,12 10
17,10 10
0,24 10
29,0 10
26,9 10
20,10 10
28,13 10
12,11 10
20,20 10
20,2 10
16,20 10
12,9 10
8,11 10
31,19 10
9,11 10
12,8 10
33,12 10
21,24 10
34,8 10
3,12 10
8,0 10
10,15 10
2,1 10
1,7 10
6,11 10
3,5 10
29,22 10
8,24 10
20,10 10
10,24 10
6,3 10
15,15 10
33,10 10
33,6 10
14,0 10
15,1 10
21,15 10
28,14 10
32,8 10
32,4 10
9,22 10
6,7 10
34,5 10
6,20 10
6,0 10
32,22 10
26,5 10
7,16 10
22,18 10
8,0 10
11,0 10
8,9 10
13,18 10
3,8 10
26,24 10
7,14 10
21,15 10
15,10 10
23,23 10
32,4 10
31,12 10
27,23 10
13,11 10
14,14 10
18,5 10
4,24 10
9,1 10
26,16 10
17,14 10
25,1 10
11,18 10
31,2 10
27,7 10
24,6 10
28,5 10
5,8 10
10,0 10
11,24 10
11,8 10
27,23 10
1,9 10
6,22 10
20,22 10
27,24 10
29,1 10
0,15 10
11,3 10
26,0 10
32,0 10
25,7 10
1,17 10
10,11 10
7,10 10
17,19 10
22,10 10
16,14 10
19,6 10
30,12 10
2,0 10
6,23 10
32,5 10
17,8 10
0,3 10
26,8 10
20,6 10
25,24 10
21,19 10
21,0 10
34,20 10
8,10 10
2,14 10
13,18 10
10,2 10
29,3 10
14,4 10
30,22 10
26,6 10
7,7 10
20,18 10
29,7 10
13,12 5
15,12 5
16,12 5
17,12 5
18,12 5
20,12 5
21,12 5
14,13 5
15,13 5
17,13 5
18,13 5
21,13 5
20,14 5
22,14 5
13,15 5
17,15 5
18,15 5
20,15 5
21,15 5
14,16 5
15,16 5
18,16 5
19,16 5
20,16 5
17,17 5
22,17 5
18,18 5
20,18 5
21,18 5
22,18 5
14,19 5
16,19 5
17,19 5
18,19 5
20,19 5
22,19 5
15,20 5
18,20 5
19,20 5
20,20 5
22,20 5
15,21 5
18,21 5
19,21 5
25,12 5
28,12 5
29,12 5
30,12 5
31,12 5
32,12 5
33,12 5
27,13 5
28,13 5
33,13 5
28,14 5
32,14 5
24,15 5
25,15 5
26,15 5
27,15 5
28,15 5
31,15 5
32,15 5
33,15 5
25,16 5
28,16 5
29,16 5
24,17 5
25,17 5
28,17 5
29,17 5
31,17 5
32,17 5
33,17 5
24,18 5
27,18 5
28,18 5
31,18 5
33,18 5
24,20 5
29,20 5
31,20 5
32,20 5
33,20 5
26,21 5
27,21 5
28,21 5
30,21 5
11,4 5
12,4 5
14,4 5
17,4 5
18,4 5
19,4 5
11,5 5
13,5 5
14,5 5
15,5 5
17,5 5
19,5 5
20,5 5
11,6 5
14,6 5
15,6 5
16,6 5
17,6 5
19,6 5
11,7 5
15,7 5
16,7 5
17,7 5
18,7 5
13,8 5
16,8 5
17,8 5
11,9 5
12,9 5
13,9 5
14,9 5
15,9 5
16,9 5
17,9 5
18,9 5
12,10 5
15,10 5
18,10 5
13,11 5
14,11 5
15,11 5
16,11 5
11,12 5
12,12 5
13,12 5
16,12 5
17,12 5
18,12 5
20,12 5
12,13 5
16,13 5
19,13 5
26,6 5
30,6 5
32,6 5
27,7 5
30,7 5
23,8 5
27,8 5
29,8 5
26,9 5
31,9 5
32,9 5
25,10 5
26,10 5
28,10 5
31,10 5
23,11 5
25,11 5
26,11 5
27,11 5
28,11 5
29,11 5
30,11 5
32,11 5
24,12 5
26,12 5
27,12 5
29,12 5
30,12 5
25,13 5
26,13 5
27,13 5
28,13 5
31,13 5
32,13 5
26,14 5
28,14 5
30,14 5
24,15 5
25,15 5
26,15 5
28,15 5
29,15 5
end