12,12 10
31,5 10
16,16 10
5,16 10
33,12 10
32,9 10
13,21 10
29,11 10
25,21 10
33,13 10
15,10 10
12,21 10
14,9 10
4,0 10
28,4 10
2,13 10
18,22 10
6,7 10
11,11 10
25,3 10
15,23 10
2,7 10
2,17 10
18,8 10
33,8 10
0,19 10
27,21 10
23,11 10
2,0 10
7,1 10
2,19 10
34,0 10
33,24 10
32,23 10
23,22 10
30,24 10
33,22 10
19,20 10
33,2 10
13,6 10
15,24 10
28,10 10
32,21 10
16,13 10
12,16 10
17,2 10
24,6 10
15,17 10
7,19 10
14,16 10
0,17 10
32,17 10
17,19 10
21,3 10
10,5 10
15,22 10
29,7 10
23,19 10
29,7 10
1,9 10
26,15 10
0,15 10
4,1 10
19,21 10
22,24 10
10,7 10
34,13 10
16,16 10
12,20 10
27,21 10
31,5 10
16,8 10
23,14 10
2,12 10
6,2 10
12,11 10
11,20 10
27,2 10
24,17 10
24,20 10
7,16 10
7,11 10
13,17 10
13,0 10
2,9 10
5,8 10
17,17 10
13,22 10
13,4 10
25,7 10
5,13 10
11,19 10
31,23 10
13,13 10
27,9 10
31,21 10
12,13 10
6,13 10
18,11 10
7,10 10
2,5 10
23,14 10
28,1 10
20,13 10
13,13 10
1,14 10
25,22 10
11,15 10
11,3 10
8,22 10
15,7 10
2,7 10
8,9 10
7,9 10
3,2 10
12,7 10
14,12 10
1,6 10
21,22 10
34,13 10
1,6 10
0,16 10
30,5 10
11,15 10
32,23 10
31,15 10
27,9 10
6,3 10
28,18 10
27,0 10
34,11 10
18,1 10
25,13 10
31,0 10
28,17 10
4,2 10
1,5 10
3,18 10
15,13 10
22,14 10
14,22 10
5,13 10
16,4 10
0,7 10
14,21 10
29,15 10
8,20 10
23,2 10
29,12 10
32,22 10
18,14 5
20,14 5
22,14 5
24,14 5
26,14 5
27,14 5
18,15 5
21,15 5
23,15 5
24,15 5
25,15 5
26,15 5
27,15 5
20,16 5
24,16 5
25,16 5
27,16 5
19,17 5
20,17 5
23,17 5
24,17 5
26,17 5
27,17 5
18,18 5
19,18 5
20,18 5
22,18 5
27,18 5
18,19 5
24,19 5
26,19 5
27,19 5
26,20 5
18,21 5
21,21 5
23,21 5
25,21 5
18,22 5
20,22 5
23,22 5
25,22 5
26,22 5
27,22 5
20,23 5
23,23 5
24,23 5
27,23 5
10,0 5
11,0 5
16,0 5
17,0 5
18,0 5
9,1 5
11,1 5
12,1 5
13,1 5
16,1 5
17,1 5
18,1 5
9,2 5
13,2 5
17,2 5
14,3 5
15,3 5
9,4 5
11,4 5
13,4 5
15,4 5
16,4 5
18,4 5
12,5 5
16,5 5
18,5 5
0,3 5
1,3 5
2,3 5
5,3 5
6,3 5
0,4 5
2,4 5
5,4 5
6,4 5
0,5 5
1,5 5
2,5 5
3,5 5
0,6 5
1,6 5
2,6 5
3,6 5
5,6 5
0,7 5
1,7 5
2,7 5
6,7 5
2,8 5
6,8 5
0,9 5
1,9 5
2,9 5
4,9 5
5,9 5
0,10 5
1,10 5
3,10 5
4,10 5
6,10 5
0,11 5
3,11 5
4,11 5
6,11 5
1,12 5
5,12 5
0,13 5
3,13 5
5,13 5
9,13 5
0,14 5
6,14 5
7,14 5
0,15 5
1,15 5
2,15 5
4,15 5
6,15 5
8,15 5
5,16 5
6,16 5
7,16 5
8,16 5
0,17 5
2,17 5
8,17 5
0,18 5
1,18 5
2,18 5
3,18 5
4,18 5
7,18 5
0,19 5
1,19 5
2,19 5
4,19 5
6,19 5
7,19 5
3,20 5
6,20 5
8,20 5
9,20 5
0,21 5
1,22 5
2,22 5
6,22 5
8,22 5
end