0,18 10
31,24 10
28,2 10
32,19 10
16,15 10
20,1 10
29,23 10
21,3 10
24,1 10
31,10 10
1,24 10
24,10 10
34,1 10
10,6 10
27,18 10
31,18 10
10,10 10
25,6 10
28,0 10
18,5 10
29,16 10
26,23 10
5,5 10
23,0 10
30,10 10
2,24 10
9,0 10
14,2 10
19,2 10
9,16 10
17,2 10
23,21 10
18,3 10
2,17 10
19,19 10
19,12 10
20,20 10
11,17 10
20,22 10
27,6 10
27,16 10
19,18 10
1,5 10
12,21 10
24,17 10
24,2 10
33,17 10
15,9 10
32,2 10
3,9 10
27,7 10
32,17 10
25,12 10
32,10 10
32,11 10
33,5 10
9,13 10
2,17 10
29,14 10
9,15 10
2,10 10
23,24 10
26,23 10
18,7 10
24,1 10
26,0 10
30,24 10
12,12 10
12,6 10
13,0 10
32,8 10
14,7 10
18,10 10
30,23 10
21,8 10
5,14 10
28,8 10
8,17 10
15,0 10
14,20 10
22,12 10
24,16 10
6,11 10
34,6 10
20,3 10
32,4 10
5,8 10
1,21 10
11,10 10
22,24 10
10,2 10
22,0 10
1,14 10
8,7 10
14,0 10
19,1 10
19,24 10
25,6 10
20,0 10
25,20 10
13,3 10
11,16 10
24,20 10
22,10 10
13,1 10
22,11 10
9,18 10
20,24 10
24,4 10
25,8 10
7,7 10
3,17 10
3,15 10
13,17 10
30,23 10
19,12 10
9,0 10
8,24 10
27,14 10
33,18 10
34,23 10
30,4 10
7,7 10
26,20 10
19,11 10
9,6 10
16,4 10
1,7 10
32,17 10
22,6 10
30,0 10
1,20 10
24,9 10
4,7 10
25,10 10
28,6 10
13,15 10
9,3 10
9,1 10
28,2 10
15,5 10
6,4 10
27,16 10
15,16 10
34,0 10
18,5 10
4,24 10
13,18 10
25,15 10
3,5 10
9,18 5
10,18 5
12,18 5
13,18 5
14,18 5
15,18 5
16,18 5
10,19 5
17,19 5
9,20 5
10,20 5
11,20 5
12,20 5
14,20 5
15,20 5
16,20 5
9,21 5
11,21 5
14,21 5
15,21 5
11,22 5
13,22 5
14,22 5
16,22 5
17,22 5
8,23 5
10,23 5
13,23 5
14,23 5
17,23 5
8,24 5
10,24 5
11,24 5
17,24 5
29,15 5
30,15 5
32,15 5
29,16 5
30,16 5
31,17 5
34,17 5
28,18 5
31,18 5
31,19 5
28,20 5
29,20 5
33,20 5
34,20 5
28,21 5
29,21 5
31,21 5
34,21 5
28,22 5
29,22 5
31,22 5
32,22 5
34,22 5
29,23 5
32,23 5
33,23 5
28,24 5
30,24 5
31,24 5
32,24 5
4,0 5
7,0 5
8,0 5
9,0 5
12,0 5
4,1 5
10,1 5
11,1 5
12,1 5
13,1 5
6,2 5
8,2 5
11,2 5
12,2 5
13,2 5
4,3 5
5,3 5
7,3 5
8,3 5
9,3 5
10,3 5
13,3 5
5,4 5
7,4 5
9,4 5
10,4 5
12,4 5
13,4 5
6,5 5
8,5 5
9,5 5
4,6 5
6,6 5
10,6 5
11,6 5
4,7 5
7,7 5
12,0 5
14,0 5
15,0 5
16,0 5
19,0 5
20,0 5
14,1 5
15,1 5
16,1 5
11,2 5
16,2 5
17,2 5
12,3 5
17,3 5
19,3 5
20,3 5
11,4 5
15,4 5
18,4 5
11,5 5
12,5 5
18,5 5
19,5 5
20,5 5
end