5,22 10
14,3 10
3,20 10
3,19 10
22,7 10
11,1 10
23,18 10
22,12 10
21,11 10
2,7 10
33,22 10
29,14 10
2,6 10
9,12 10
24,15 10
25,11 10
14,7 10
18,10 10
12,14 10
30,11 10
0,9 10
17,1 10
29,12 10
18,10 10
12,2 10
24,4 10
1,2 10
32,22 10
24,8 10
33,8 10
26,5 10
32,15 10
29,19 10
18,6 10
5,20 10
10,7 10
23,24 10
29,23 10
33,19 10
32,11 10
4,5 10
13,5 10
21,22 10
5,20 10
16,6 10
24,7 10
12,3 10
10,8 10
2,22 10
8,6 10
5,8 10
1,0 10
26,19 10
34,15 10
8,7 10
5,21 10
7,18 10
0,19 10
17,1 10
21,10 10
21,1 10
15,24 10
10,15 10
22,7 10
19,22 10
30,14 10
26,21 10
7,8 10
2,20 10
18,4 10
4,4 10
0,21 10
29,16 10
12,14 10
13,19 10
2,20 10
14,7 10
31,12 10
31,24 10
17,9 10
14,20 10
32,2 10
28,10 10
7,11 10
4,3 10
14,1 10
22,0 10
33,17 10
10,14 10
34,19 10
8,10 10
13,9 10
15,13 10
21,23 10
4,5 10
25,2 10
14,19 10
19,7 10
27,21 10
1,19 10
8,18 10
15,19 10
29,10 10
25,6 10
13,0 10
6,6 10
29,24 10
12,13 10
12,18 10
24,2 10
20,24 10
25,18 10
24,22 10
15,15 10
3,3 10
13,0 10
12,18 10
21,22 10
24,24 10
19,10 10
19,15 10
34,5 10
22,20 10
1,24 10
25,5 10
0,14 10
33,23 10
33,0 10
31,2 10
13,10 10
15,8 10
1,4 10
7,11 10
15,4 10
24,23 10
31,3 10
24,22 10
17,23 10
17,0 10
17,11 10
8,23 10
15,19 10
34,17 10
17,17 10
2,10 10
32,13 10
19,24 10
23,12 10
26,24 10
11,21 10
18,18 5
20,18 5
21,18 5
22,18 5
23,18 5
24,18 5
18,19 5
19,19 5
20,19 5
23,19 5
25,19 5
27,19 5
18,20 5
19,20 5
20,20 5
22,20 5
23,20 5
24,20 5
25,20 5
26,20 5
27,20 5
19,21 5
24,21 5
26,21 5
19,22 5
21,22 5
24,22 5
26,22 5
27,22 5
18,23 5
19,23 5
20,23 5
21,23 5
25,23 5
19,24 5
21,24 5
22,24 5
23,24 5
26,24 5
27,24 5
16,12 5
17,12 5
20,12 5
21,12 5
23,12 5
14,13 5
15,13 5
17,13 5
18,13 5
21,13 5
22,13 5
23,13 5
17,14 5
23,14 5
14,15 5
15,15 5
20,15 5
21,15 5
22,15 5
14,16 5
17,16 5
18,16 5
19,16 5
21,16 5
23,16 5
15,17 5
17,17 5
19,17 5
20,17 5
23,17 5
14,18 5
15,18 5
16,18 5
19,18 5
20,18 5
22,18 5
18,19 5
20,19 5
21,19 5
15,20 5
16,20 5
18,20 5
19,20 5
20,20 5
21,20 5
23,20 5
16,21 5
20,21 5
22,21 5
4,18 5
6,18 5
7,18 5
3,19 5
4,19 5
7,19 5
0,20 5
1,20 5
2,20 5
5,20 5
6,20 5
0,21 5
1,21 5
2,21 5
2,22 5
5,22 5
6,22 5
7,22 5
3,23 5
4,23 5
5,23 5
6,23 5
0,24 5
5,24 5
6,24 5
7,24 5
25,0 5
26,0 5
27,0 5
28,0 5
29,0 5
30,0 5
31,0 5
33,0 5
25,1 5
32,1 5
34,1 5
29,2 5
30,2 5
26,3 5
27,3 5
28,3 5
30,3 5
31,3 5
34,3 5
27,4 5
28,4 5
29,4 5
31,4 5
32,4 5
33,4 5
34,4 5
25,5 5
26,5 5
27,5 5
28,5 5
29,5 5
30,5 5
31,5 5
32,5 5
33,5 5
34,5 5
27,6 5
30,6 5
33,6 5
34,6 5
end