28,16 10
23,22 10
0,20 10
12,20 10
16,16 10
4,6 10
1,5 10
22,0 10
11,22 10
2,24 10
5,15 10
23,21 10
9,23 10
34,20 10
12,6 10
25,5 10
21,7 10
31,1 10
4,18 10
10,14 10
15,19 10
6,3 10
23,7 10
13,12 10
30,10 10
7,5 10
19,17 10
31,0 10
2,6 10
7,17 10
19,2 10
21,19 10
9,18 10
5,12 10
22,4 10
30,2 10
26,23 10
26,24 10
2,15 10
16,20 10
24,18 10
17,18 10
20,11 10
8,17 10
1,11 10
19,9 10
29,2 10
22,21 10
9,5 10
22,22 10
21,1 10
4,5 10
32,11 10
22,23 10
8,15 10
19,15 10
2,10 10
29,5 10
23,20 10
11,18 10
13,1 10
15,20 10
5,4 10
9,10 10
23,2 10
34,7 10
4,9 10
19,4 10
21,10 10
12,14 10
5,16 10
27,11 10
30,9 10
4,10 10
26,18 10
32,15 10
6,11 10
30,5 10
26,10 10
28,1 10
10,22 10
3,20 10
20,8 10
29,22 10
3,21 10
12,24 10
31,16 10
22,16 10
30,0 10
8,9 10
7,2 10
4,1 10
20,14 10
17,11 10
23,11 10
5,16 10
19,18 10
23,23 10
20,8 10
17,19 10
5,15 10
32,14 10
9,13 10
5,22 10
9,1 10
33,20 10
4,23 10
27,18 10
4,4 10
26,9 10
10,22 10
0,13 10
13,19 10
1,23 10
9,11 10
13,19 10
8,11 10
20,16 10
1,18 10
4,9 10
15,2 10
5,24 10
1,24 10
4,19 10
5,19 10
23,16 10
32,2 10
32,4 10
7,20 10
31,12 10
34,15 10
2,12 10
26,0 10
28,19 10
3,11 10
7,0 10
1,10 10
2,16 10
4,8 10
6,9 10
0,16 10
11,1 10
0,6 10
0,23 10
1,11 10
9,21 10
19,8 10
10,0 10
26,4 10
9,4 10
6,13 5
7,13 5
8,13 5
10,13 5
11,13 5
14,13 5
6,14 5
10,14 5
14,14 5
7,15 5
13,15 5
6,16 5
8,16 5
9,16 5
12,16 5
13,16 5
14,16 5
15,16 5
9,17 5
10,17 5
11,17 5
14,17 5
15,17 5
6,18 5
7,18 5
11,18 5
9,19 5
10,19 5
11,19 5
13,19 5
6,20 5
8,20 5
9,20 5
10,20 5
12,20 5
13,20 5
14,20 5
15,20 5
8,21 5
10,21 5
12,21 5
14,21 5
6,22 5
9,22 5
13,22 5
15,22 5
28,0 5
29,0 5
30,0 5
26,1 5
29,1 5
31,1 5
33,1 5
26,2 5
29,2 5
31,2 5
32,2 5
26,3 5
27,3 5
29,3 5
34,3 5
26,4 5
28,4 5
33,4 5
34,4 5
31,5 5
34,5 5
30,6 5
31,6 5
32,6 5
33,6 5
34,6 5
27,7 5
28,7 5
29,7 5
31,7 5
26,8 5
29,8 5
31,8 5
32,8 5
33,8 5
29,9 5
32,9 5
33,9 5
26,10 5
27,10 5
28,10 5
29,10 5
34,10 5
26,11 5
29,11 5
31,11 5
32,11 5
34,11 5
30,12 5
31,12 5
33,12 5
34,12 5
27,13 5
28,13 5
29,13 5
30,13 5
31,13 5
32,13 5
34,13 5
29,14 5
30,14 5
31,14 5
32,14 5
34,14 5
28,15 5
29,15 5
30,15 5
31,15 5
32,15 5
33,15 5
3,5 5
6,5 5
10,5 5
11,5 5
7,6 5
11,6 5
12,6 5
3,7 5
5,7 5
6,7 5
7,7 5
8,7 5
9,7 5
10,7 5
12,7 5
5,8 5
7,8 5
9,8 5
10,8 5
3,9 5
4,9 5
6,9 5
8,9 5
10,9 5
3,10 5
4,10 5
7,10 5
8,10 5
9,10 5
10,10 5
12,10 5
10,11 5
11,11 5
12,11 5
5,12 5
8,12 5
10,12 5
5,13 5
7,13 5
8,13 5
9,13 5
10,13 5
11,13 5
5,14 5
7,14 5
12,14 5
end