16,12 10
22,7 10
6,9 10
31,6 10
1,2 10
22,19 10
13,15 10
26,9 10
6,8 10
18,14 10
8,14 10
32,24 10
5,7 10
19,19 10
21,2 10
24,5 10
14,3 10
23,3 10
29,14 10
2,1 10
20,21 10
22,16 10
33,4 10
5,18 10
15,10 10
30,11 10
6,20 10
4,24 10
18,12 10
32,10 10
19,1 10
19,12 10
25,2 10
6,23 10
22,7 10
26,18 10
18,3 10
14,23 10
26,24 10
14,15 10
19,18 10
19,20 10
31,15 10
19,2 10
24,5 10
3,10 10
10,13 10
25,24 10
25,11 10
13,10 10
24,14 10
13,24 10
24,3 10
20,1 10
22,13 10
2,17 10
8,22 10
25,0 10
16,9 10
31,1 10
0,19 10
3,7 10
14,10 10
0,7 10
24,11 10
25,9 10
0,5 10
34,4 10
1,17 10
22,11 10
29,9 10
8,22 10
25,16 10
22,2 10
26,14 10
29,23 10
31,11 10
23,19 10
13,15 10
18,11 10
4,9 10
1,2 10
34,3 10
22,13 10
19,21 10
32,22 10
11,23 10
19,22 10
25,24 10
12,21 10
14,15 10
20,11 10
9,21 10
24,1 10
6,21 10
25,4 10
1,11 10
33,3 10
16,18 10
24,5 10
1,6 10
26,19 10
29,12 10
22,16 10
12,13 10
2,8 10
20,9 10
15,4 10
12,3 10
22,18 10
9,10 10
24,6 10
10,19 10
11,14 10
34,18 10
17,24 10
11,17 10
34,3 10
15,8 10
34,11 10
8,22 10
3,9 10
1,12 10
10,23 10
0,12 10
8,8 10
11,6 10
6,11 10
21,18 10
3,23 10
31,22 10
31,19 10
9,2 10
18,2 10
2,19 10
4,10 10
5,2 10
12,24 10
22,20 10
4,21 10
27,4 10
12,17 10
21,22 10
16,19 10
7,21 10
7,14 10
14,10 10
0,11 10
30,2 10
26,19 10
8,14 5
11,14 5
12,14 5
15,14 5
8,15 5
9,15 5
12,15 5
13,15 5
15,15 5
6,16 5
9,16 5
12,16 5
13,16 5
9,17 5
10,17 5
12,17 5
13,17 5
14,17 5
15,17 5
6,18 5
7,18 5
9,18 5
11,18 5
12,18 5
13,18 5
14,18 5
6,19 5
8,19 5
10,19 5
12,19 5
6,20 5
8,20 5
9,20 5
13,20 5
7,21 5
10,21 5
11,21 5
14,21 5
15,21 5
7,22 5
8,22 5
9,22 5
10,22 5
12,22 5
7,23 5
10,23 5
13,23 5
14,23 5
15,17 5
16,17 5
19,17 5
15,18 5
16,18 5
13,19 5
14,19 5
15,19 5
19,19 5
10,20 5
11,20 5
12,20 5
13,20 5
16,20 5
17,20 5
19,20 5
10,21 5
12,21 5
13,21 5
14,21 5
17,21 5
19,21 5
10,22 5
11,22 5
12,22 5
14,22 5
15,22 5
17,22 5
18,22 5
10,23 5
14,23 5
10,24 5
11,24 5
12,24 5
13,24 5
15,24 5
16,24 5
18,24 5
17,16 5
18,16 5
19,16 5
22,16 5
13,17 5
14,17 5
15,17 5
17,17 5
18,17 5
21,17 5
13,18 5
16,18 5
21,18 5
13,19 5
14,19 5
15,19 5
16,19 5
22,19 5
14,20 5
16,20 5
18,20 5
19,20 5
14,21 5
15,21 5
16,21 5
19,21 5
20,21 5
22,21 5
13,22 5
14,22 5
15,22 5
17,22 5
20,22 5
22,22 5
13,23 5
14,23 5
16,23 5
17,23 5
18,23 5
22,23 5
13,24 5
16,24 5
21,24 5
3,19 5
5,19 5
6,19 5
7,19 5
2,20 5
8,20 5
3,21 5
4,21 5
7,21 5
8,21 5
10,21 5
1,22 5
4,22 5
6,22 5
10,22 5
1,23 5
4,23 5
6,23 5
7,23 5
9,23 5
10,23 5
5,24 5
8,24 5
10,24 5
end