19,13 10
18,7 10
19,4 10
18,4 10
11,15 10
8,9 10
20,21 10
26,4 10
7,3 10
31,2 10
21,4 10
20,7 10
27,6 10
1,17 10
31,7 10
4,14 10
7,1 10
34,23 10
23,0 10
11,5 10
15,18 10
19,0 10
6,0 10
7,14 10
25,14 10
14,8 10
0,6 10
15,15 10
0,23 10
6,23 10
4,15 10
18,16 10
10,6 10
5,17 10
16,20 10
16,19 10
10,4 10
15,23 10
6,15 10
1,19 10
28,17 10
4,9 10
8,4 10
21,9 10
25,2 10
10,14 10
17,2 10
31,11 10
16,0 10
2,10 10
24,6 10
1,22 10
10,18 10
27,13 10
24,17 10
2,22 10
31,19 10
1,20 10
18,5 10
15,21 10
25,9 10
31,21 10
21,2 10
28,12 10
5,8 10
28,15 10
31,23 10
22,20 10
22,2 10
12,11 10
24,3 10
6,4 10
16,19 10
19,2 10
24,16 10
4,7 10
15,8 10
30,4 10
28,24 10
12,20 10
19,14 10
7,19 10
25,20 10
15,6 10
29,16 10
30,9 10
4,17 10
24,22 10
6,7 10
26,14 10
14,6 10
2,15 10
8,6 10
32,23 10
10,3 10
29,14 10
15,13 10
14,22 10
20,0 10
1,16 10
24,19 10
29,17 10
11,16 10
23,21 10
18,11 10
23,5 10
29,19 10
12,9 10
6,0 10
4,4 10
30,15 10
9,12 10
31,22 10
33,9 10
1,10 10
25,1 10
34,1 10
26,6 10
13,6 10
25,18 10
10,22 10
25,13 10
34,1 10
15,9 10
20,19 10
12,14 10
16,23 10
24,13 10
28,0 10
18,6 10
20,20 10
7,0 10
33,12 10
27,1 10
24,14 10
11,12 10
26,10 10
3,17 10
9,15 10
3,4 10
33,2 10
30,22 10
29,10 10
25,7 10
22,20 10
23,0 10
18,24 10
22,10 10
10,10 10
10,22 10
14,13 5
15,13 5
16,13 5
20,13 5
21,13 5
14,14 5
15,14 5
16,14 5
21,14 5
22,14 5
23,14 5
14,15 5
19,15 5
21,15 5
23,15 5
16,16 5
17,16 5
18,16 5
21,16 5
22,16 5
23,16 5
14,17 5
18,17 5
20,17 5
23,17 5
20,18 5
21,18 5
14,19 5
18,19 5
15,20 5
17,20 5
21,20 5
22,20 5
14,21 5
18,21 5
22,21 5
17,22 5
18,22 5
19,22 5
20,22 5
21,22 5
13,0 5
14,0 5
17,0 5
9,1 5
15,1 5
16,1 5
18,1 5
9,2 5
10,2 5
11,2 5
13,2 5
16,2 5
17,2 5
9,3 5
12,3 5
13,3 5
14,3 5
15,3 5
16,3 5
17,3 5
9,4 5
10,4 5
11,4 5
14,4 5
16,4 5
17,4 5
9,5 5
11,5 5
14,5 5
15,5 5
16,5 5
17,5 5
9,6 5
10,6 5
13,6 5
14,6 5
15,6 5
16,6 5
17,6 5
18,6 5
9,7 5
10,7 5
11,7 5
12,7 5
13,7 5
18,7 5
9,8 5
10,8 5
12,8 5
14,8 5
16,8 5
17,8 5
9,9 5
11,9 5
13,9 5
14,9 5
16,9 5
26,19 5
28,19 5
29,19 5
31,19 5
32,19 5
29,20 5
32,20 5
34,20 5
27,21 5
28,21 5
29,21 5
30,21 5
31,21 5
26,22 5
28,22 5
33,22 5
34,22 5
27,23 5
30,23 5
33,23 5
34,23 5
32,24 5
33,24 5
34,24 5
17,4 5
19,4 5
20,4 5
21,4 5
23,4 5
25,4 5
17,5 5
19,5 5
20,5 5
21,5 5
22,5 5
25,5 5
16,6 5
21,6 5
22,6 5
23,6 5
24,6 5
25,6 5
20,7 5
21,7 5
25,7 5
16,8 5
17,8 5
19,8 5
20,8 5
23,8 5
24,8 5
25,8 5
16,9 5
17,9 5
20,9 5
25,9 5
17,10 5
18,10 5
20,10 5
22,10 5
24,10 5
25,10 5
16,11 5
17,11 5
18,11 5
22,11 5
23,11 5
25,11 5
17,12 5
19,12 5
21,12 5
22,12 5
24,12 5
25,12 5
16,13 5
17,13 5
22,13 5
23,13 5
25,13 5
end