33,0 10
17,12 10
16,13 10
4,6 10
22,18 10
24,8 10
14,16 10
30,8 10
14,9 10
10,6 10
6,11 10
6,10 10
22,14 10
26,6 10
34,21 10
7,10 10
27,12 10
0,1 10
23,7 10
26,0 10
8,9 10
12,13 10
18,0 10
3,1 10
16,1 10
20,8 10
18,1 10
27,14 10
25,24 10
8,17 10
3,17 10
0,18 10
6,12 10
28,10 10
26,19 10
15,21 10
16,11 10
5,3 10
3,8 10
16,12 10
5,15 10
2,24 10
15,22 10
0,18 10
29,13 10
0,16 10
0,16 10
0,2 10
19,5 10
28,22 10
30,21 10
7,0 10
3,23 10
15,15 10
0,7 10
30,18 10
29,16 10
29,20 10
25,20 10
9,4 10
15,1 10
23,8 10
11,5 10
20,10 10
31,15 10
27,10 10
9,7 10
34,19 10
6,11 10
5,18 10
33,9 10
1,5 10
1,8 10
23,3 10
31,19 10
12,24 10
33,4 10
12,7 10
10,2 10
29,15 10
24,7 10
25,23 10
28,10 10
8,16 10
13,8 10
16,10 10
21,7 10
16,22 10
9,13 10
28,8 10
18,7 10
0,14 10
6,12 10
14,7 10
32,4 10
27,11 10
21,2 10
32,22 10
4,6 10
28,24 10
4,10 10
19,8 10
11,6 10
8,14 10
20,24 10
26,11 10
26,1 10
30,6 10
29,19 10
18,1 10
28,9 10
26,8 10
5,23 10
1,2 10
23,2 10
3,17 10
18,10 10
10,5 10
2,4 10
20,7 10
12,12 10
8,4 10
2,3 10
27,12 10
31,6 10
7,19 10
6,18 10
14,23 10
32,7 10
13,10 10
30,18 10
15,6 10
24,13 10
18,0 10
9,1 10
13,18 10
16,9 10
17,7 10
21,17 10
0,7 10
7,23 10
13,1 10
17,1 10
7,3 10
23,4 10
0,12 10
22,1 10
1,23 10
0,18 10
33,1 10
4,0 5
0,1 5
0,2 5
2,2 5
1,3 5
2,3 5
3,3 5
2,4 5
3,4 5
0,5 5
2,5 5
3,5 5
4,5 5
0,6 5
2,6 5
4,6 5
0,7 5
1,7 5
4,7 5
12,0 5
13,0 5
15,0 5
17,0 5
19,0 5
12,1 5
13,1 5
14,1 5
16,1 5
19,1 5
20,1 5
12,2 5
13,2 5
15,2 5
17,2 5
13,3 5
15,3 5
16,3 5
17,3 5
18,3 5
19,3 5
13,4 5
14,4 5
15,4 5
17,4 5
18,4 5
19,4 5
12,5 5
13,5 5
14,5 5
3,9 5
4,9 5
6,9 5
8,9 5
11,9 5
3,10 5
8,10 5
9,10 5
11,10 5
3,11 5
4,11 5
7,11 5
9,11 5
10,11 5
11,11 5
3,12 5
5,12 5
6,12 5
8,12 5
9,12 5
10,12 5
12,12 5
3,13 5
4,13 5
8,13 5
9,13 5
10,13 5
12,13 5
3,14 5
4,14 5
8,14 5
10,14 5
11,14 5
3,15 5
6,15 5
9,15 5
10,15 5
11,15 5
3,16 5
5,16 5
7,16 5
11,16 5
5,17 5
7,17 5
4,18 5
5,18 5
6,18 5
7,18 5
8,18 5
11,18 5
12,18 5
0,16 5
2,16 5
3,16 5
4,16 5
0,17 5
1,17 5
2,18 5
1,19 5
3,19 5
4,19 5
1,20 5
2,20 5
3,20 5
4,20 5
1,21 5
2,21 5
4,21 5
0,22 5
4,22 5
4,23 5
1,24 5
3,24 5
end