3,15 10
24,21 10
18,5 10
23,16 10
31,12 10
15,13 10
24,14 10
26,12 10
24,2 10
21,18 10
10,0 10
31,3 10
23,5 10
32,9 10
31,21 10
4,5 10
11,11 10
17,24 10
18,0 10
21,12 10
19,4 10
31,4 10
17,5 10
30,18 10
18,18 10
33,12 10
17,18 10
32,0 10
13,24 10
18,2 10
0,10 10
30,9 10
10,6 10
19,1 10
16,20 10
1,20 10
27,15 10
13,9 10
9,9 10
12,13 10
23,0 10
12,10 10
15,5 10
14,0 10
29,22 10
9,9 10
7,4 10
21,10 10
3,19 10
30,17 10
19,1 10
27,14 10
32,4 10
8,10 10
5,16 10
10,13 10
23,18 10
26,8 10
18,22 10
26,16 10
14,22 10
19,11 10
2,8 10
1,3 10
25,18 10
27,2 10
8,24 10
14,5 10
1,11 10
34,8 10
8,0 10
14,15 10
16,5 10
2,23 10
31,8 10
16,10 10
30,11 10
34,14 10
4,0 10
10,12 10
25,10 10
6,12 10
23,24 10
10,20 10
22,3 10
1,6 10
9,23 10
14,4 10
6,5 10
19,16 10
4,0 10
29,22 10
9,6 10
29,18 10
23,5 10
17,9 10
13,7 10
29,6 10
30,0 10
20,12 10
12,11 10
24,14 10
1,9 10
25,4 10
20,18 10
2,18 10
24,7 10
22,18 10
30,0 10
17,10 10
12,12 10
7,14 10
22,2 10
17,2 10
5,13 10
16,9 10
3,0 10
1,24 10
18,2 10
24,16 10
19,3 10
6,0 10
4,2 10
33,10 10
10,1 10
30,22 10
18,11 10
16,8 10
0,21 10
22,21 10
28,24 10
5,7 10
28,4 10
21,13 10
3,23 10
11,17 10
3,13 10
23,11 10
7,6 10
13,9 10
30,12 10
23,3 10
27,19 10
12,9 10
2,22 10
22,23 10
16,20 10
2,17 10
29,17 10
6,16 10
0,7 5
2,7 5
3,7 5
7,7 5
2,8 5
6,8 5
7,8 5
2,9 5
3,9 5
5,9 5
1,10 5
3,10 5
4,10 5
5,10 5
7,10 5
0,11 5
4,11 5
2,12 5
4,12 5
0,13 5
7,13 5
1,14 5
2,14 5
3,14 5
5,14 5
6,14 5
7,14 5
0,15 5
2,15 5
4,15 5
6,15 5
7,15 5
0,16 5
1,16 5
2,16 5
5,16 5
7,16 5
25,0 5
26,0 5
27,0 5
29,0 5
31,0 5
34,0 5
27,1 5
29,1 5
30,1 5
32,1 5
33,1 5
34,1 5
25,2 5
30,2 5
34,2 5
26,3 5
29,3 5
30,3 5
32,3 5
33,3 5
34,3 5
25,4 5
27,4 5
28,4 5
29,4 5
30,4 5
31,4 5
33,4 5
25,5 5
26,5 5
31,5 5
32,5 5
34,5 5
22,13 5
23,13 5
24,13 5
25,13 5
26,13 5
27,13 5
28,13 5
29,13 5
31,13 5
24,14 5
25,14 5
26,14 5
29,14 5
31,14 5
23,15 5
27,15 5
28,15 5
22,16 5
23,16 5
24,16 5
27,16 5
29,16 5
31,16 5
23,17 5
25,17 5
27,17 5
28,17 5
22,18 5
23,18 5
26,18 5
29,18 5
30,18 5
31,18 5
22,19 5
23,19 5
30,19 5
24,20 5
25,20 5
26,20 5
30,20 5
31,20 5
22,21 5
23,21 5
24,21 5
25,21 5
26,21 5
29,21 5
30,21 5
23,22 5
26,22 5
29,22 5
31,22 5
20,0 5
21,0 5
23,0 5
24,0 5
25,0 5
26,0 5
27,0 5
29,0 5
21,1 5
22,1 5
23,1 5
24,1 5
25,1 5
27,1 5
20,2 5
22,2 5
24,2 5
27,2 5
29,2 5
21,3 5
23,3 5
25,3 5
23,4 5
21,5 5
22,5 5
24,5 5
25,5 5
26,5 5
27,5 5
21,6 5
23,6 5
25,6 5
26,6 5
28,6 5
29,6 5
23,7 5
24,7 5
25,7 5
27,7 5
28,7 5
21,8 5
23,8 5
26,8 5
27,8 5
end